   0 -22902357600626016.00 -31700407375177180.00 -41495296001952432.00    0       0.00   0 -22902357600626016.00
   1 -22253877288827492.00 -23028240960444272.00 -28030438614830852.00    0       0.00   0 -22253877288827492.00
   2 -21658929818767948.00 -22790121344535216.00 -23656061506164248.00    0       0.00   0 -21658929818767948.00
   3 -22466081710050108.00 -22870141801270896.00 -24184225140413860.00    0       0.00   0 -22466081710050108.00
   4 -21918572751876420.00 -22757417689677180.00 -23683972707824912.00    0       0.00   0 -21918572751876420.00
   5 -22344223445180704.00 -22817383302219776.00 -23971052340460748.00    0       0.00   0 -22344223445180704.00
   6 -21995392761022136.00 -22826173373442148.00 -23623543222593248.00    0       0.00   0 -21995392761022136.00
   7 -22374477379735940.00 -22792807605062360.00 -23587889704442712.00    0       0.00   0 -22374477379735940.00
   8 -21636317561208208.00 -22733425602676624.00 -23300691683146152.00    0       0.00   0 -21636317561208208.00
   9 -22487750841309548.00 -22802012817414664.00 -23528783734625784.00    0       0.00   0 -22487750841309548.00
  10 -21991076504356364.00 -22747940022662468.00 -23654165690101912.00    0       0.00   0 -21991076504356364.00
   0 -22902357600626016.00 -31700407375177180.00 -41495296001952432.00    0       0.00   0 -22902357600626016.00
   1 -22253877288827492.00 -23028240960444272.00 -28030438614830852.00    0       0.00   0 -22253877288827492.00
   2 -21658929818767948.00 -22790121344535216.00 -23656061506164248.00    0       0.00   0 -21658929818767948.00
   3 -22466081710050108.00 -22870141801270896.00 -24184225140413860.00    0       0.00   0 -22466081710050108.00
   4 -21918572751876420.00 -22757417689677180.00 -23683972707824912.00    0       0.00   0 -21918572751876420.00
   5 -22344223445180704.00 -22817383302219776.00 -23971052340460748.00    0       0.00   0 -22344223445180704.00
   6 -21995392761022136.00 -22826173373442148.00 -23623543222593248.00    0       0.00   0 -21995392761022136.00
   7 -22374477379735940.00 -22792807605062360.00 -23587889704442712.00    0       0.00   0 -22374477379735940.00
   8 -21636317561208208.00 -22733425602676624.00 -23300691683146152.00    0       0.00   0 -21636317561208208.00
   9 -22487750841309548.00 -22802012817414664.00 -23528783734625784.00    0       0.00   0 -22487750841309548.00
  10 -21991076504356364.00 -22747940022662468.00 -23654165690101912.00    0       0.00   0 -21991076504356364.00
