 

   0    3832.00      73.69       0.00    0    3832.00  51    3832.00
   1    5100.00    4654.67    3792.00    1    5100.00  10    5100.00
   2    4655.00    3974.48    3819.00    1    5100.00  10    4655.00
   3    5100.00    4594.69    3792.00    1    5100.00  10    5100.00
   4    4812.00    4101.44    3818.00    1    5100.00  10    4812.00
   5    5100.00    4475.71    3792.00    1    5100.00  10    5100.00
   6    4941.00    4147.90    3818.00    1    5100.00  10    4941.00
   7    5015.00    4408.40    3792.00    1    5100.00  10    5015.00
   8    4941.00    4227.94    3828.00    1    5100.00  10    4941.00
   0    3832.00      73.69       0.00    0    3832.00  51    3832.00
   1    5100.00    4654.67    3792.00    1    5100.00  10    5100.00
   2    4655.00    3974.48    3819.00    1    5100.00  10    4655.00
   3    5100.00    4594.69    3792.00    1    5100.00  10    5100.00
   4    4812.00    4101.44    3818.00    1    5100.00  10    4812.00
   5    5100.00    4475.71    3792.00    1    5100.00  10    5100.00
   6    4941.00    4147.90    3818.00    1    5100.00  10    4941.00
   7    5015.00    4408.40    3792.00    1    5100.00  10    5015.00
   8    4941.00    4227.94    3828.00    1    5100.00  10    4941.00
   9    4848.00    4383.25    3792.00    1    5100.00  10    4848.00
  10    4941.00    4241.60    3828.00    1    5100.00  10    4941.00
   0    3832.00      73.69       0.00    0    3832.00  51    3832.00
   1    5100.00    4815.25    4088.00    1    5100.00   4    5100.00
   2    4498.00    3981.92    3819.00    1    5100.00   4    4498.00
   3    5100.00    4655.88    3914.00    1    5100.00   4    5100.00
   4    4710.00    4060.25    3809.00    1    5100.00   4    4710.00
   5    5014.00    4484.37    3821.00    1    5100.00   4    5014.00
   6    4877.00    4149.40    3819.00    1    5100.00   4    4877.00
   7    4850.00    4414.21    3821.00    1    5100.00   4    4850.00
   8    4936.00    4195.65    3819.00    1    5100.00   4    4936.00
   9    4915.00    4396.13    3821.00    1    5100.00   4    4915.00
  10    4936.00    4185.15    3819.00    1    5100.00   4    4936.00
   0    3832.00      73.69       0.00    0    3832.00  51    3832.00
   1    5100.00    4815.25    4088.00    1    5100.00   4    5100.00
   2    4498.00    3981.92    3819.00    1    5100.00   4    4498.00
   3    5100.00    4655.88    3914.00    1    5100.00   4    5100.00
   4    4710.00    4060.25    3809.00    1    5100.00   4    4710.00
   5    5014.00    4484.37    3821.00    1    5100.00   4    5014.00
   6    4877.00    4149.40    3819.00    1    5100.00   4    4877.00
   7    4850.00    4414.21    3821.00    1    5100.00   4    4850.00
   8    4936.00    4195.65    3819.00    1    5100.00   4    4936.00
   9    4915.00    4396.13    3821.00    1    5100.00   4    4915.00
  10    4936.00    4185.15    3819.00    1    5100.00   4    4936.00
   0    3832.00      73.69       0.00    0    3832.00  51    3832.00
   1    5100.00    4815.25    4088.00    1    5100.00   4    5100.00
   2    4498.00    3981.92    3819.00    1    5100.00   4    4498.00
   3    5100.00    4655.88    3914.00    1    5100.00   4    5100.00
   4    4710.00    4060.25    3809.00    1    5100.00   4    4710.00
   5    5014.00    4484.37    3821.00    1    5100.00   4    5014.00
   6    4877.00    4149.40    3819.00    1    5100.00   4    4877.00
   7    4850.00    4414.21    3821.00    1    5100.00   4    4850.00
   8    4936.00    4195.65    3819.00    1    5100.00   4    4936.00
   9    4915.00    4396.13    3821.00    1    5100.00   4    4915.00
  10    4936.00    4185.15    3819.00    1    5100.00   4    4936.00
   0    3832.00      73.69       0.00    0    3832.00  51    3832.00
   1    5100.00    4815.25    4088.00    1    5100.00   4    5100.00
   0    3832.00    1916.00       0.00    0    3832.00   1    3832.00
   1    4562.00    4562.00    4562.00    1    4562.00   0    4562.00
   0    3832.00    1916.00       0.00    0    3832.00   1    3832.00
   1    4562.00    4562.00    4562.00    1    4562.00   0    4562.00
   0    3832.00    1916.00       0.00    0    3832.00   1    3832.00
   1    4562.00    4562.00    4562.00    1    4562.00   0    4562.00
   0    3642.00    1821.00       0.00    0    3642.00   1    3642.00
   1    4423.00    4423.00    4423.00    1    4423.00   0    4423.00
   0    3642.00    1821.00       0.00    0    3642.00   1    3642.00
   1    4423.00    4423.00    4423.00    1    4423.00   0    4423.00
   0    3642.00    1821.00       0.00    0    3642.00   1    3642.00
   1    4423.00    4423.00    4423.00    1    4423.00   0    4423.00
   0    3482.00    1741.00       0.00    0    3482.00   1    3482.00
   1    4504.00    4504.00    4504.00    1    4504.00   0    4504.00
   0    3482.00    1741.00       0.00    0    3482.00   1    3482.00
   1    4504.00    4504.00    4504.00    1    4504.00   0    4504.00
   0    3482.00    1741.00       0.00    0    3482.00   1    3482.00
   1    4504.00    4504.00    4504.00    1    4504.00   0    4504.00
   0    3482.00    1741.00       0.00    0    3482.00   1    3482.00
   1    4504.00    4504.00    4504.00    1    4504.00   0    4504.00
   0    3482.00    1741.00       0.00    0    3482.00   1    3482.00
   1    4504.00    4504.00    4504.00    1    4504.00   0    4504.00
   0    3482.00    1741.00       0.00    0    3482.00   1    3482.00
   1    4504.00    4504.00    4504.00    1    4504.00   0    4504.00
   0    3482.00    1741.00       0.00    0    3482.00   1    3482.00
   1    4504.00    4504.00    4504.00    1    4504.00   0    4504.00
